1660
1715
401
1364
1150
2645
348
348
348
348
348
348
348
348
760
760
760
760
760
760
760
760
8146
1879
1879
558
570
6728
1376
3145
1084
2876
841
841
841
432
863
561
1858
75
2671
402
3686
3686
6695
1307
1316
2518
3241
2562
2533
1093
931
1419
1407
511
556
541
871
571
1313
2587
9222
849
690
0
1791
1621
1759
1142
1142
1142
1592
11488
1846
3571
6905
1800
682
717
723
1339
2678
950
950
950
950
950
950
950
810
950
950
1200
1000
1900
2200
950
950
950
950
950
950
950
950
2200
800
1000
1000
671
1200
2000
1375
806
806
1010
807
807
1010
806
1020
1028
1013
1020
1008
1250
1968
1009
807
1010
806
1375
4767
1475
1100
1042
1042
1325
1325
640
1367
1033
371
521
1300
1125
2175
2758
521
1333
739
1200
1033
1700
1700
1375
1375
858
1456
1010
950
950
1010
1009
1028
1033
1333
1200
1200
1200
1200
1200
1800
1800
2100
1800
1800
2250
1700
2250
1800
450
700
2000
600
1200
2550
1170
710
1761
1761
1090
1181
1181
1181
1181
702
1054
528
3649
1663
2551
2551
2551
2597
340
1779
4494
1954
1935
1935
321
321
402
1658
8405
8405
950
950
3747
3481
3995
3995
3481
3995
1192
1192
1192
1192
934
1292
1149
2802
4762
2514
4762
4762
7494
4762
1574
5856
5489
2226
2226
8775
1241
646
3502
5833
724
724
724
2174
2060
1328
1569
3977
2509
6468
11613
1298
1942
1096
7735
7472
2358
2428
3003
2666
6208
14411
17871
9900
12368
3518
3487
4756
12825
828
1260
1968
8400
800
738
614
791
791
1214
1214
336
336
404
689
2600
1704
1281
788
512
897
1312
872
150
1746
1746
1619
833
2284
2400
0
1365
2227
2000
1200
1200
1968
1800
1200
1800
1500
1800
1500
521
1000
0
800
1300
521
1363
646
646
1250
3500
1200
2000
514
522
522
522
522
522
888
888
431
1040
1040
1047
905
743
833
833
1040
1040
431
962
1040
1040
807
0
1968
1557
1324
3037
606
606
606
692
3712
3666
4093
719
719
4725
2053
2053
2053
8873
8873
8678
8873
8873
8873
8873
8873
6655
6655
5848
5848
5848
345
307
1205
1205
1205
1205
1580
1580
683
1162
4707
171
1364
1364
5390
5390
5390
1397
1396
0
1199
3895
1904
6655
321
319
239
14004
8405
9614
1226
1192
1181
8775
3743
3743
3361
1324
1196
2262
3454
4882
3492
1529
1340
2565
1973
1856
1856
1856
1856
1619
806
1010
766
0
806
1200
1300
1300
382
500
714
2596
1000
700
300
800
700
3041
9934
2486
2276
7269
419
407
1126
1383
1967
1511
1286
1594
1594
1622
1504
1704
293
392
325
392
392
2010
202
464
9310
722
3653
745
722
722
243
345
2190
285
908
908
908
266
398
332
420
409
398
10470
3309
316
607
590
3325
3190
3580
2680
2980
96
400
1333
1042
1700
806
860
860
860
1474
2200
811
589
1179
1179
1695
1547
1547
518
518
1474
1400
958
958
2735
2735
239
417
2300
510
603
2243
936
862
1160
650
1682
4200
3533
381
690
573
381
381
530
573
692
692
692
1800
2000
500
1000
1000
4000
1500
2000
1500
7667
4879
8016
6391
3153
1454
1111
1139
2757
2868
12479
5303
2221
2885
682
280
5390
675
2210
5982
2478
2577
1658
1658
3000
3240
558
6655
8405
2300
8405
239
319
319
311
0
1232
1232
984
1149
1372
1574
3397
483
705
1517
1000
1000
442
438
442
453
968
968
968
2989
1741
1741
1149
1315
1437
1437
1868
1868
1868
948
948
28875
28875
1500
400
800
1500
2000
3000
4000
292
480
16500
3500
12000
5100
2000
2333
4000
1040
168
184
334
334
184
239
5000
0
853
853
853
853
853
1044
1399
958
958
4741
4359
2050
3000
672
1193
1500
2765
7190
1440
1445
3346
1529
3621
2155
2155
2155
442
7334
1511
1348
4618
11794
1482
538
1456
6774
963
1040
1250
1300
810
810
810
2000
819
8000
3876
1097
6905
2427
702
533
1280
11004
953
953
960
954
1333
5000
3000
1250
862
862
1741
747
1724
8405
3747
3747
1658
1027
0
0
1365
417
14732
14408
7066
7823
7823
7999
1568
1600
1568
1568
1497
1310
407
358
394
300
3881
3588
3881
3881
1286
1286
1435
252
1515
1139
1364
3200
1020
1968
1456
1868
3879
5150
4277
4277
791
1511
2377
971
1022
3587
1795
1113
1622
1622
3453
1113
1207
0
195
618
3351
1679
1679
15747
20491
1097
1759
9211
4594
9211
2299
2424
2424
2424
558
558
4733
4733
4518
4638
6230
496
496
496
496
1679
1679
660
664
1338
337
640
298
483
337
347
344
598
344
344
438
598
598
598
1131
337
1009
361
424
424
104
1776
398
1921
1921
15848
1921
680
2021
1921
1921
1921
1776
1776
1776
1248
1436
9768
102
171
9689
5526
756
8846
5130
5130
23339
5926
465
808
13100
473
473
526
5350
6250
1267
776
776
776
776
6100
591
591
591
2196
326
326
326
1140
789
1440
536
690
3131
2979
5367
3071
4312
5851
927
1741
1007
772
1431
423
423
13359
4330
4277
950
958
684
958
5313
2923
2923
2923
2923
2923
2923
1607
5374
7067
4504
3460
3131
0
6287
158
1500
2339
3382
24785
6574
8271
8780
8780
14004
12665
18647
950
2558
10986
8055
2730
10986
5301
16690
9285
1907
1078
1078
897
1868
1254
718
6351
8775
2899
2399
4000
1324
1700
1800
759
549
1914
595
1698
853
450
914
285
571
2793
375
317
1804
1200
8270
13988
8175
10455
8781
8175
16351
6801
6801
6801
12010
12010
11336
9651
10413
400
3190
3000
1750
2208
3017
2625
1474
1474
1474
684
684
905
905
7707
368
14024
14024
8584
8451
8584
2464
1939
1914
2585
8293
2750
5241
7733
3000
10817
10699
2760
14720
2816
4047
2309
0
2309
2309
1542
1542
1595
2424
1536
4554
4836
3719
4435
2156
2156
3932
2011
6483
1543
1800
400
18392
4975
430
337
483
260
2206
3763
15591
1814
3336
6327
3857
10895
7212
12474
24786
11502
5538
2421
2106
6350
5130
2600
1181
261
521
1861
2071
4147
6695
2200
3500
11300
1040
903
478
894
2000
3052
1793
2029
7010
3070
2793
3220
4079
3462
4748
3008
657
7740
3193
3500
11813
4643
1546
2889
2975
2028
758
1700
3262
6195
1190
0
1162
1162
582
1054
1278
3276
3276
975
975
975
1908
1908
3564
6887
1916
343
1345
1517
2758
549
11817
15379
18839
19728
5731
4750
4349
4349
4349
3569
1154
900
400
4780
5029
200
3879
1249
603
603
2664
958
958
958
1547
2735
2500
1042
4494
833
403
11028
11028
11484
12577
9826
3995
744
1196
702
3535
5457
9958
590
760
2210
8873
8152
1447
1891
1416
5020
4023
4023
806
1968
10345
3169
4603
2156
229
3041
5319
4155
1790
3704
839
3217
3217
907
752
8500
654
691
573
6724
1853
4164
3248
3610
842
3937
1072
1060
531
3718
990
891
891
2815
27381
1422
1316
1316
1422
1164
10484
500
891
1320
10484
2000
3103
3500
2480
3042
2871
862
1695
1453
1695
1695
1695
1695
1695
1474
2000
1634
1695
900
2093
2093
543
6655
13284
7129
1800
1200
1321
401
668
499
741
722
735
266
266
266
266
676
786
8154
9148
1364
1364
1364
4508
4508
3474
838
2671
995
607
607
494
4361
5319
2145
2145
2145
6509
1654
1648
3370
0
4500
3464
8468
1303
2892
6797
403
8978
2500
1813
4000
600
1850
1968
1845
630
2026
3125
2583
2758
50
200
0
300
200
9285
1474
10008
468
497
742
1099
1099
2208
2815
1908
2233
2174
2148
2815
953
739
645
603
5517
5517
601
1916
1060
1407
0
5188
5188
3689
3017
798
798
884
884
9210
747
747
759
363
668
0
1222
2270
3353
3353
3353
7999
6600
862
970
1392
1675
1900
280
295
295
1286
1286
2529
2529
1114
1114
2232
887
8190
1048
2838
342
3280
2156
7668
8153
15332
9483
287
287
1250
1250
1250
2047
4871
747
2333
921
1968
1695
550
1430
275
0
2895
1856
1856
750
1181
744
744
744
702
1196
744
2414
1905
1905
1905
1349
1428
1552
1552
458
7667
1486
3736
3879
754
754
754
808
1658
319
238
319
354
319
319
14468
340
332
11028
11028
7505
7505
1232
1540
1405
1508
2132
1652
3205
5020
2514
2721
2885
1149
5054
4322
12679
4322
10055
1750
747
808
950
8222
8223
0
2586
2736
383
1163
1834
4545
2148
2308
2420
3004
1179
1474
4274
1916
5214
1375
2166
1760
1222
7739
623
412
1760
9235
9642
1276
2736
1039
1683
3797
3797
1563
8235
9805
663
2291
1829
2736
411
1039
1847
1320
791
2155
940
383
6341
4982
1039
894
1500
19000
1500
3067
0
1679
3100
10452
10091
2872
4631
1315
1315
630
10391
5410
1424
1226
637
4795
7153
6328
842
2833
2698
765
2251
1792
1975
1975
2500
2431
2500
590
2065
559
559
745
24696
17409
9200
1080
1080
867
747
1577
3283
3414
4309
4554
1580
4238
4238
1310
682
2422
15688
6097
12086
717
5343
9005
7895
1415
9081
4655
4475
4998
5130
1048
1022
4456
1124
25
5278
4239
4029
470
363
5466
2144
388
369
2553
1796
3461
2085
2085
348
348
348
348
0
0
683
683
5982
6447
4157
4618
8679
5580
6427
3780
4672
4336
3615
7278
4975
5075
5075
5075
5194
5254
8851
0
11396
8233
9739
11610
136
1650
6751
1279
4558
1375
4349
3375
897
1691
1691
7205
5563
6163
6095
1222
763
1908
1908
11994
763
1262
3202
3170
5004
1737
865
1800
2000
3413
5122
2210
1500
8978
10305
12816
5603
2324
2998
1292
269
743
431
962
7471
7471
295
700
1334
15092
2210
517
938
938
938
938
905
905
905
776
776
1315
150
1207
1983
435
1800
280
1776
4655
7517
7517
5750
1254
12577
808
1300
516
516
516
884
517
359
359
776
1300
392
12300
17300
1254
1112
1112
1274
1968
2541
6472
3117
954
374
31
227
227
227
11410
1968
2448
4538
3479
3479
5390
3740
1542
1667
7789
1776
934
934
934
1921
1248
1776
1776
10755
5538
1248
1921
2093
2093
1776
8875
10171
4186
1149
543
1093
1358
1222
527
2696
8643
1396
2000
672
1515
1028
1270
7048
1410
11410
1022
2875
1424
798
2197
1353
2309
1550
1127
4598
6415
737
2876
0
0
1022
1022
60
158
1854
1540
1768
5610
3942
6183
6094
1233
16966
322
1691
6746
5859
5687
2260
1228
1294
4242
4242
2020
1930
1556
2822
103
3276
1580
541
389
817
2716
4486
4618
4483
6267
5075
9905
9739
8765
516
287
392
900
2448
392
6415
887
338
4996
760
760
760
5575
8678
1253
11028
3048
2765
2002
3232
4093
718
718
718
179
2904
10008
6265
13459
11316
11316
4619
5454
507
507
507
507
1010
1315
2500
3200
406
1500
2000
19
5952
1449
1678
1678
0
1679
9981
12351
1217
392
1724
388
14408
1892
478
888
6752
589
442
747
888
888
337
222
144
144
5954
464
5859
6089
8927
3615
419
9771
739
9095
6094
9095
5605
6352
12263
2739
6254
5126
11417
897
2775
3704
908
5413
957
1558
3200
1505
1485
2247
991
197
1865
1201
3967
318
10484
11921
838
782
782
803
782
803
784
782
690
690
690
517
517
517
733
733
733
1035
1164
1035
1035
2974
2974
948
1897
1897
1897
1466
1517
1517
332
11337
15732
4206
5243
2504
3232
1192
2279
2255
2356
2793
2478
2478
11316
11316
575
1172
9945
127
62
235
235
235
235
136
887
1679
2500
958
813
990
4310
4310
11202
1197
1769
1769
1080
1342
2753
2022
2676
896
851
7932
6901
1679
948
2600
2450
1042
1250
6915
1679
1679
1298
1298
1298
1793
674
888
960
1250
4647
337
754
905
905
174
9954
958
2800
2800
1796
1796
11951
126
26
5052
224
833
401
888
888
888
990
865
126
417
417
417
417
417
417
417
417
417
417
416
417
615
348
328
328
328
328
328
328
5506
7225
7225
6318
7225
6318
5506
6318
833
1427
5194
1400
9739
8029
7872
7950
9711
5130
2383
3207
1142
2896
863
1344
419
2168
2581
2552
2572
1724
1660
10455
10455
8405
1405
1405
1405
3088
6609
2200
450
1475
1816
2952
4667
2800
1474
1474
521
4925
4182
4225
28
4946
4946
4946
2857
1075
6255
1042
862
10008
7705
888
2500
888
0
1410
960
2500
15008
2951
1741
950
950
590
11022
10056
9833
7113
654
654
388
260
300
1365
1336
188
179
190
1474
20262
1035
668
2350
948
1361
1658
5019
507
607
8049
20270
2431
2431
833
5538
203
10755
3110
896
896
896
896
66
4121
3007
1139
7950
372
8029
11396
11396
1398
11396
11284
8850
9020
5000
3082
8850
7993
3693
7593
3207
2974
862
3676
948
948
1080
12852
1075
6267
841
1298
1666
1750
5389
2064
718
718
861
884
810
718
359
359
2500
934
1078
3196
575
575
575
359
359
2371
1842
0
0
1056
2777
2440
4750
5000
6100
5000
2630
5500
2209
1486
1456
758
3767
7378
7378
1627
1627
1627
4242
1134
1360
1364
1627
1627
1627
158
136
2200
1100
500
10916
888
1998
2293
1583
1200
1597
479
1374
2181
664
722
1470
2461
1612
727
727
727
727
727
727
1091
765
765
765
765
765
2690
6000
1000
9956
1178
7377
3166
4129
10642
833
5364
5364
5364
5364
11147
59
2529
750
862
3687
2249
4023
1000
1900
1115
1250
1968
790
1582
1436
1111
684
1105
1105
1179
833
1437
1639
1639
1639
7823
7823
6509
400
11696
2583
3666
3000
4250
3663
6550
7011
5853
1521
3071
13304
3981
3981
8284
10213
9806
776
776
776
764
1233
921
939
4242
2131
2023
4123
2840
2840
720
3693
3918
1724
819
1034
733
4023
1164
2155
1724
1724
1724
1724
1724
1190
1190
1190
1190
5345
4310
1207
635
2917
2750
3250
3083
2500
1769
1583
1666
970
970
970
970
1336
5752
8579
9100
8400
8050
11316
11316
11316
11316
0
4483
8280
8280
7698
11417
11118
6529
6529
3169
3169
9700
16523
8556
8556
19122
4075
4075
0
7674
7247
4075
407
2916
16186
2779
4689
4689
6595
784
784
803
803
1916
2750
2578
270
948
668
1800
900
7777
184
9282
16690
0
323
2533
2779
2779
5136
3909
5674
4239
2207
2414
2951
2951
2951
12595
14823
2314
1115
1115
1040
2794
301
2553
1534
2263
2263
1335
1335
2087
861
23707
12529
19555
15753
2989
10771
625
8638
392
7011
13464
11084
2229
2014
3377
1260
6390
2805
8638
522
10455
7422
7422
7422
4536
1257
1143
1257
1257
1010
1028
720
1816
1816
8414
5509
1030
3477
0
0
1451
217
2666
1422
1484
38
3049
2715
158
1892
661
491
491
0
491
2990
867
5320
14776
14776
14625
5423
15090
8525
9043
10397
10397
10397
17692
4805
4805
4805
358
403
3305
5891
3159
1577
2229
4854
4854
3228
3657
158
578
578
2040
8397
1086
5838
1759
3819
1836
5030
1745
108
3322
949
3618
1849
3314
2226
494
2020
8820
10054
6262
2795
8222
620
10285
10285
884
2428
2529
497
674
0
0
1707
1878
1878
575
575
2583
3000
7190
153
191
4647
4633
3737
2478
665
6327
5116
239
1010
1890
4241
4990
3990
3922
1491
2850
5600
12527
11141
11142
9169
6384
15357
11083
4575
4946
4007
3881
1724
1724
13090
1583
2763
6227
4171
8131
14464
1933
13569
12738
12738
340
340
7829
7829
7707
1112
2340
1681
854
1582
1010
691
453
1950
4289
3694
18182
16364
1474
962
1975
12595
17409
7450
9310
6503
6091
7486
1534
962
962
2583
3708
2583
1181
1181
1547
6216
5952
1086
4000
3440
2431
1240
24000
4586
412
412
412
3945
630
958
3067
1334
1334
1334
1500
1103
1103
2350
1700
5064
4874
8405
1200
1200
1200
1200
400
600
1800
1600
1600
1600
1900
1250
2000
1800
1800
1800
2200
1200
1000
888
1741
0
0
0
0
0
0
0
0
0
0
0
0
2076
8379
4241
4241
744
7015
1333
1416
407
407
0
959
306600
626
750
626
1700
11600
4767
1845
578
83760
2564
4224
10777
6770
4945
4252
6000
16554
11432
7466
194
647
388
358
407
3808
5278
1367
6466
6029
6029
7238
13126
2015
5154
10487
18185
15401
708
708
8670
8480
682
2042
1042
1042
1042
194
194
4655
4655
4655
1810
8717
9744
6328
1569
1112
1112
1112
1112
4966
2705
8952
5320
9043
10058
5955
6891
0
1010
2015
8850
290
4800
412
2414
8034
1220
1759
7524
3440
4966
3578
1377
578
578
2517
4284
3000
3500
6000
4100
0
407
7000
2771
2810
8000
5092
5002
756
853
1664
8451
12904
12904
12904
8451
14024
14024
14024
14024
8584
8584
6891
6891
14758
20684
3881
4075
2876
7756
2147
4674
545
503
1282
6496
1868
1868
17628
7890
6228
1519
10108
8296
7521
10070
5188
2358
11644
3111
3070
2226
2100
4922
2350
4129
7397
8112
2741
1060
1724
948
11088
6042
12552
8284
8284
8674
12354
17412
12354
10888
11142
4984
8505
4631
21311
2974
7450
1592
8215
16203
17807
1656
0
5042
31818
30909
1695
1931
5389
2457
5336
2687
2952
2136
5267
1430
2216
996
0
0
1103
2392
14124
7076
3296
13569
12738
12738
1251
1033
1232
1282
0
2400
396
674
5554
3943
17750
21500
14566
8755
14566
9169
10900
9169
15255
9169
8350
4854
4075
970
1456
3466
2359
4660
2027
10871
15567
738
12754
12672
733
14962
5089
3617
7233
3067
503
1138
820
638
2840
3010
3990
620
2810
2457
1100
862
2917
6267
11511
13325
14299
753
1364
3067
11706
11396
8029
15956
17434
921
4633
2583
2618
862
1300
511
2371
2927
19930
19930
373
6237
14024
14024
14024
14024
14024
10962
10962
10962
833
3945
2370
3707
660
700
337
347
361
1681
2845
3879
5431
6810
417
552
552
552
388
6500
552
552
552
3240
4730
2951
803
24354
14024
4216
1233
4733
8103
1905
1804
2015
2108
514
8646
3103
18552
12852
9056
17409
18552
18552
13602
13034
10324
10056
6000
3164
2874
10381
5459
3285
4731
4731
9557
11459
8499
2682
9967
9256
10559
9256
10080
13936
7645
1916
1902
10381
22994
2446
7340
2906
483
5733
1207
3874
5827
5827
63
2204
27000
7006
319
319
1544
1006
9100
12604
2201
2274
491
13640
3351
10050
136
28500
19905
3207
819
807
2580
884
1293
575
575
790
275
329
11817
1055
4265
2591
1339
22180
5441
4533
2366
4414
9963
3248
1569
4975
4773
2526
4277
342
11385
11385
20205
8050
9332
11379
11396
1797
8118
14867
14823
3411
6503
12182
7383
7383
13330
11881
14823
14823
2323
2730
692
692
692
19728
745
984
2032
597
2674
221
2520
10720
3474
7716
12551
15516
1171
1171
8340
8341
3304
1653
27100
12500
747
10962
10962
2413
6191
6231
13640
3223
3418
5628
7092
5485
1412
1968
2520
3105
1314
563
709
349
13261
13261
1293
2444
934
7645
695
3493
3493
3493
3493
3493
3363
3363
3363
4717
2329
1211
4171
1478
7959
7959
7959
5149
2599
17370
22356
672
672
1143
1989
13262
11113
21526
9310
7383
8051
5535
6903
19266
26161
14275
20234
8254
400
900
600
600
600
400
400
1188
2000
1700
4162
8570
8670
7461
6318
287
8820
5320
18037
5361
17309
10902
6903
6834
10162
9043
10061
6834
15090
18115
9043
15090
6157
14872
400
2359
25574
17880
10991
2359
1794
1794
1794
1794
7914
5116
1579
4515
4250
745
13261
14334
400
600
600
850
4452
362
580
522
1115
1115
1115
2625
2698
5845
8610
3140
1171
4729
1931
10843
10843
3529
4912
5524
483
6100
2240
1725
1341
369
500
750
1000
1500
2000
2402
913
950
776
1358
2226
1691
1511
4849
2840
718
1816
1816
1816
1816
1816
1277
1591
1591
9549
16560
11610
9739
9739
400
800
2466
9293
957
7603
2052
1013
1078
808
8584
8584
8584
0
0
6742
11316
14984
11923
2943
2943
9099
600
514
3170
2991
1968
4309
3232
2873
1843
136
5079
1950
13958
1580
1580
1507
14987
4142
4142
4142
3119
1975
698
598
598
598
598
6443
6154
6443
15712
15067
15712
558
1008
740
740
740
15871
9034
14991
3293
4280
754
754
754
1458
575
1031
1103
31981